0 1.0
1 0.8552867383512545
2 0.7469758064516129
3 0.66084229390681
4 0.5868055555555556
5 0.49876792114695345
6 0.4131944444444445
7 0.3452060931899642
8 0.28785842293906816
9 0.23443100358422944
10 0.1913082437275986
11 0.15255376344086025
12 0.11682347670250899
13 0.08814964157706096
14 0.06720430107526884
15 0.0524193548387097
16 0.04189068100358425
17 0.030689964157706112
18 0.021617383512544823
19 0.013104838709677439
20 0.007728494623655933
21 0.0035842293906810227
22 0.0017921146953405209
23 0.0011200716845878326
24 0.0010080645161290513
25 8.9605734767027E-4
26 8.9605734767027E-4
27 8.9605734767027E-4
28 8.9605734767027E-4
29 8.9605734767027E-4
30 8.9605734767027E-4
31 8.9605734767027E-4
32 8.9605734767027E-4
33 8.9605734767027E-4
34 8.9605734767027E-4
35 8.9605734767027E-4
36 8.9605734767027E-4
37 8.9605734767027E-4
38 8.9605734767027E-4
39 8.9605734767027E-4
40 8.9605734767027E-4
41 8.9605734767027E-4
42 8.9605734767027E-4
43 8.9605734767027E-4
44 8.9605734767027E-4
45 8.9605734767027E-4
46 8.9605734767027E-4
47 8.9605734767027E-4
48 8.9605734767027E-4
49 8.9605734767027E-4
50 8.9605734767027E-4
51 8.9605734767027E-4
52 8.9605734767027E-4
53 8.9605734767027E-4
54 8.9605734767027E-4
55 8.9605734767027E-4
56 8.9605734767027E-4
57 8.9605734767027E-4
58 8.9605734767027E-4
59 8.9605734767027E-4
60 8.9605734767027E-4
61 8.9605734767027E-4
62 8.9605734767027E-4
63 8.9605734767027E-4
64 8.9605734767027E-4
65 8.9605734767027E-4
66 8.9605734767027E-4
67 8.9605734767027E-4
68 8.9605734767027E-4
69 8.9605734767027E-4
70 8.9605734767027E-4
71 8.9605734767027E-4
72 8.9605734767027E-4
73 8.9605734767027E-4
74 8.9605734767027E-4
75 8.9605734767027E-4
76 8.9605734767027E-4
77 8.9605734767027E-4
78 8.9605734767027E-4
79 8.9605734767027E-4
80 8.9605734767027E-4
81 8.9605734767027E-4
82 8.9605734767027E-4
83 8.9605734767027E-4
84 8.9605734767027E-4
85 8.9605734767027E-4
86 8.9605734767027E-4
87 8.9605734767027E-4
88 8.9605734767027E-4
89 8.9605734767027E-4
90 8.9605734767027E-4
91 8.9605734767027E-4
92 8.9605734767027E-4
93 8.9605734767027E-4
94 8.9605734767027E-4
95 8.9605734767027E-4
96 8.9605734767027E-4
97 8.9605734767027E-4
98 8.9605734767027E-4
99 8.9605734767027E-4
100 8.9605734767027E-4
101 8.9605734767027E-4
102 8.9605734767027E-4
103 8.9605734767027E-4
104 8.9605734767027E-4
105 8.9605734767027E-4
106 8.9605734767027E-4
107 8.9605734767027E-4
108 8.9605734767027E-4
109 8.9605734767027E-4
110 8.9605734767027E-4
111 8.9605734767027E-4
112 8.9605734767027E-4
113 8.9605734767027E-4
114 8.9605734767027E-4
115 8.9605734767027E-4
116 8.9605734767027E-4
117 8.9605734767027E-4
118 8.9605734767027E-4
119 8.9605734767027E-4
120 8.9605734767027E-4
121 8.9605734767027E-4
122 8.9605734767027E-4
123 8.9605734767027E-4
124 8.9605734767027E-4
125 8.9605734767027E-4
126 8.9605734767027E-4
127 8.9605734767027E-4
128 8.9605734767027E-4
129 8.9605734767027E-4
130 8.9605734767027E-4
131 8.9605734767027E-4
132 8.9605734767027E-4
133 8.9605734767027E-4
134 8.9605734767027E-4
135 8.9605734767027E-4
136 8.9605734767027E-4
137 8.9605734767027E-4
138 8.9605734767027E-4
139 8.9605734767027E-4
140 8.9605734767027E-4
141 8.9605734767027E-4
142 8.9605734767027E-4
143 8.9605734767027E-4
144 8.9605734767027E-4
145 8.9605734767027E-4
146 8.9605734767027E-4
147 8.9605734767027E-4
148 8.9605734767027E-4
149 8.9605734767027E-4
150 8.9605734767027E-4
151 8.9605734767027E-4
152 8.9605734767027E-4
153 8.9605734767027E-4
154 8.9605734767027E-4
155 8.9605734767027E-4
156 8.9605734767027E-4
157 8.9605734767027E-4
158 8.9605734767027E-4
159 8.9605734767027E-4
160 8.9605734767027E-4
161 8.9605734767027E-4
162 8.9605734767027E-4
163 8.9605734767027E-4
164 8.9605734767027E-4
165 8.9605734767027E-4
166 8.9605734767027E-4
167 8.9605734767027E-4
168 8.9605734767027E-4
169 8.9605734767027E-4
170 8.9605734767027E-4
171 8.9605734767027E-4
172 8.9605734767027E-4
173 8.9605734767027E-4
174 8.9605734767027E-4
175 8.9605734767027E-4
176 8.9605734767027E-4
177 8.9605734767027E-4
178 8.9605734767027E-4
179 8.9605734767027E-4
180 8.9605734767027E-4
181 8.9605734767027E-4
182 8.9605734767027E-4
183 8.9605734767027E-4
184 8.9605734767027E-4
185 8.9605734767027E-4
186 8.9605734767027E-4
187 8.9605734767027E-4
188 8.9605734767027E-4
189 8.9605734767027E-4
190 8.9605734767027E-4
191 8.9605734767027E-4
192 8.9605734767027E-4
193 8.9605734767027E-4
194 8.9605734767027E-4
195 8.9605734767027E-4
196 8.9605734767027E-4
197 8.9605734767027E-4
198 8.9605734767027E-4
199 8.9605734767027E-4
200 8.9605734767027E-4
201 8.9605734767027E-4
